Zone 1 Decay Concentrations:
Constituent             Avg Mass     Fraction in Level 1
Level 1    Isotope    [amu/atom]        Mass        Atom
           he-4           4.0026   1.186e-06   2.341e-05
           c-12          12.0000   8.399e-02   5.533e-01
           c-13          13.0034   1.067e-03   6.484e-03
           o-16          15.9949   7.850e-03   3.880e-02
           o-17          16.9991   3.378e-06   1.571e-05
           o-18          17.9992   2.043e-05   8.972e-05
           si-28         27.9769   3.663e-02   1.035e-01
           si-29         28.9765   1.996e-03   5.446e-03
           si-30         29.9738   1.410e-03   3.718e-03
           u-235        235.0439   1.714e-01   5.766e-02
           u-236        236.0456   3.818e-05   1.278e-05
           u-238        238.0508   6.954e-01   2.309e-01
           np-237       237.0482   5.771e-08   1.925e-08
           np-239       239.0529   2.920e-19   9.655e-20
           pu-239       239.0522   5.108e-05   1.689e-05
           br-81         80.9163   1.772e-08   1.731e-08
           se-82         81.9167   2.894e-08   2.792e-08
           kr-83         82.9141   4.892e-08   4.664e-08
           kr-84         83.9115   1.644e-07   1.548e-07
           kr-85         84.9125   2.659e-08   2.475e-08
           rb-85         84.9118   1.728e-07   1.609e-07
           kr-86         85.9106   4.333e-07   3.986e-07
           rb-87         86.9092   5.782e-07   5.259e-07
           sr-88         87.9056   8.226e-07   7.397e-07
           sr-89         88.9075   1.633e-07   1.452e-07
           y-89          88.9058   9.269e-07   8.241e-07
           sr-90         89.9077   1.535e-06   1.350e-06
           y-91          90.9073   2.698e-07   2.346e-07
           zr-91         90.9056   1.120e-06   9.735e-07
           zr-92         91.9050   1.672e-06   1.438e-06
           zr-93         92.9065   1.786e-06   1.520e-06
           zr-94         93.9063   1.896e-06   1.596e-06
           zr-95         94.9080   4.028e-07   3.355e-07
           nb-95         94.9068   3.420e-07   2.848e-07
           mo-95         94.9058   1.065e-06   8.873e-07
           zr-96         95.9083   1.944e-06   1.602e-06
           mo-97         96.9060   1.649e-06   1.345e-06
           mo-98         97.9054   1.851e-06   1.494e-06
           tc-99         98.9063   1.702e-06   1.360e-06
           mo-100        99.9075   2.095e-06   1.657e-06
           ru-101       100.9056   1.584e-06   1.241e-06
           ru-102       101.9043   1.347e-06   1.045e-06
           ru-103       102.9063   8.328e-08   6.397e-08
           rh-103       102.9055   8.557e-07   6.573e-07
           ru-104       103.9054   6.189e-07   4.709e-07
           pd-105       104.9051   2.459e-07   1.853e-07
           ru-106       105.9073   5.032e-08   3.756e-08
           pd-107       106.9051   2.433e-08   1.799e-08
           i-127        126.9045   3.137e-08   1.954e-08
           te-128       127.9045   7.654e-08   4.730e-08
           i-129        128.9050   1.205e-07   7.392e-08
           te-130       129.9062   9.191e-07   5.593e-07
           i-131        130.9061   3.491e-11   2.108e-11
           xe-131       130.9051   1.319e-06   7.965e-07
           xe-132       131.9042   2.139e-06   1.282e-06
           xe-133       132.9059   6.624e-13   3.940e-13
           cs-133       132.9055   3.444e-06   2.048e-06
           xe-134       133.9054   4.689e-06   2.768e-06
           cs-135       134.9060   3.741e-06   2.192e-06
           xe-136       135.9072   3.995e-06   2.323e-06
           cs-137       136.9071   3.827e-06   2.210e-06
           ba-138       137.9052   4.274e-06   2.450e-06
           la-139       138.9064   4.108e-06   2.337e-06
           ba-140       139.9106   3.219e-09   1.819e-09
           la-140       139.9095   4.879e-10   2.757e-10
           ce-140       139.9054   3.497e-06   1.976e-06
           ce-141       140.9083   1.837e-07   1.030e-07
           pr-141       140.9077   3.140e-06   1.761e-06
           ce-142       141.9092   3.904e-06   2.174e-06
           pr-143       142.9108   5.197e-09   2.874e-09
           nd-143       142.9098   3.484e-06   1.927e-06
           ce-144       143.9136   2.406e-06   1.322e-06
           nd-144       143.9101   9.007e-07   4.947e-07
           nd-145       144.9126   2.459e-06   1.341e-06
           nd-146       145.9131   1.916e-06   1.038e-06
           nd-147       146.9161   4.582e-10   2.466e-10
           pm-147       146.9151   1.038e-06   5.584e-07
           nd-148       147.9169   1.102e-06   5.890e-07
           sm-149       148.9172   5.121e-07   2.718e-07
           nd-150       149.9209   3.455e-07   1.822e-07
           sm-151       150.9199   1.271e-07   6.655e-08
           sm-152       151.9197   8.311e-08   4.324e-08
           eu-153       152.9212   4.996e-08   2.582e-08
Decay01z                 79.0476   1.000e+00   1.000e+00


Zone 2 Decay Concentrations:
Constituent             Avg Mass     Fraction in Level 1
Level 1    Isotope    [amu/atom]        Mass        Atom
           he-4           4.0026   1.029e-06   2.292e-05
           be-9           9.0122   1.197e-09   1.183e-08
           c-12          12.0000   7.285e-02   5.411e-01
           c-13          13.0034   9.252e-04   6.341e-03
           mg-25         24.9858   8.299e-10   2.960e-09
           si-28         27.9769   3.178e-02   1.012e-01
           si-29         28.9765   1.732e-03   5.326e-03
           si-30         29.9738   1.223e-03   3.636e-03
           th-230       230.0331   3.035e-08   1.176e-08
           th-232       232.0381   8.915e-01   3.424e-01
           pa-231       231.0359   2.546e-07   9.821e-08
           pa-233       233.0402   1.019e-06   3.896e-07
           u-233        233.0396   3.550e-05   1.358e-05
           xe-134       133.9054   2.099e-09   1.397e-09
           xe-136       135.9072   2.329e-09   1.527e-09
           cs-137       136.9071   2.104e-09   1.369e-09
           ba-138       137.9052   2.230e-09   1.441e-09
           la-139       138.9064   2.395e-09   1.536e-09
           ce-142       141.9092   2.355e-09   1.479e-09
Decay02z                 89.1195   1.000e+00   1.000e+00


Zone 3 Decay Concentrations:
Constituent             Avg Mass     Fraction in Level 1
Level 1    Isotope    [amu/atom]        Mass        Atom
           he-4           4.0026   1.033e-06   2.301e-05
           be-9           9.0122   4.556e-09   4.505e-08
           c-12          12.0000   7.285e-02   5.410e-01
           c-13          13.0034   9.252e-04   6.341e-03
           mg-25         24.9858   2.528e-09   9.016e-09
           al-27         26.9815   6.409e-10   2.117e-09
           si-28         27.9769   3.178e-02   1.012e-01
           si-29         28.9765   1.732e-03   5.326e-03
           si-30         29.9738   1.223e-03   3.636e-03
           p-31          30.9738   5.009e-10   1.441e-09
           th-230       230.0331   1.187e-07   4.600e-08
           th-232       232.0381   8.914e-01   3.424e-01
           pa-231       231.0359   1.314e-06   5.069e-07
           pa-233       233.0402   1.784e-06   6.821e-07
           u-233        233.0396   6.213e-05   2.376e-05
           u-234        234.0410   9.027e-09   3.437e-09
           kr-86         85.9106   2.015e-09   2.091e-09
           rb-87         86.9092   2.141e-09   2.195e-09
           sr-88         87.9056   2.363e-09   2.395e-09
           sr-89         88.9075   5.181e-10   5.193e-10
           sr-90         89.9077   2.800e-09   2.775e-09
           y-91          90.9073   6.742e-10   6.609e-10
           zr-92         91.9050   2.688e-09   2.606e-09
           zr-93         92.9065   2.732e-09   2.621e-09
           zr-94         93.9063   2.561e-09   2.430e-09
           zr-95         94.9080   6.776e-10   6.363e-10
           zr-96         95.9083   2.084e-09   1.936e-09
           mo-97         96.9060   1.961e-09   1.803e-09
           mo-98         97.9054   1.684e-09   1.533e-09
           xe-132       131.9042   3.152e-09   2.130e-09
           cs-133       132.9055   4.251e-09   2.850e-09
           xe-134       133.9054   5.673e-09   3.776e-09
           cs-135       134.9060   4.591e-09   3.033e-09
           xe-136       135.9072   6.500e-09   4.263e-09
           cs-137       136.9071   5.586e-09   3.636e-09
           ba-138       137.9052   5.856e-09   3.784e-09
           la-139       138.9064   6.241e-09   4.004e-09
           ce-140       139.9054   6.683e-09   4.257e-09
           ce-141       140.9083   5.457e-10   3.451e-10
           pr-141       140.9077   6.198e-09   3.920e-09
           ce-142       141.9092   6.168e-09   3.874e-09
           nd-143       142.9098   6.007e-09   3.746e-09
           ce-144       143.9136   4.383e-09   2.714e-09
           nd-145       144.9126   3.924e-09   2.413e-09
           nd-146       145.9131   3.453e-09   2.109e-09
Decay03z                 89.1204   1.000e+00   1.000e+00


Zone 4 Decay Concentrations:
Constituent             Avg Mass     Fraction in Level 1
Level 1    Isotope    [amu/atom]        Mass        Atom
           h-1            1.0078   3.671e-11   3.246e-09
           he-4           4.0026   1.042e-06   2.319e-05
           be-9           9.0122   1.040e-08   1.028e-07
           c-12          12.0000   7.286e-02   5.411e-01
           c-13          13.0034   9.253e-04   6.341e-03
           mg-25         24.9858   1.043e-08   3.720e-08
           al-27         26.9815   1.920e-09   6.342e-09
           si-28         27.9769   3.178e-02   1.012e-01
           si-29         28.9765   1.732e-03   5.326e-03
           si-30         29.9738   1.223e-03   3.636e-03
           p-31          30.9738   7.833e-10   2.254e-09
           th-230       230.0331   3.483e-07   1.349e-07
           th-232       232.0381   8.914e-01   3.423e-01
           pa-231       231.0359   3.866e-06   1.491e-06
           pa-233       233.0402   2.864e-06   1.095e-06
           u-233        233.0396   1.010e-04   3.861e-05
           u-234        234.0410   2.341e-08   8.915e-09
           kr-83         82.9141   1.361e-09   1.463e-09
           kr-84         83.9115   2.315e-09   2.459e-09
           rb-85         84.9118   2.515e-09   2.639e-09
           kr-86         85.9106   4.422e-09   4.587e-09
           rb-87         86.9092   4.673e-09   4.791e-09
           sr-88         87.9056   5.191e-09   5.263e-09
           sr-89         88.9075   1.145e-09   1.148e-09
           y-89          88.9058   4.684e-09   4.695e-09
           sr-90         89.9077   6.178e-09   6.124e-09
           y-91          90.9073   1.493e-09   1.463e-09
           zr-91         90.9056   4.558e-09   4.469e-09
           zr-92         91.9050   5.952e-09   5.771e-09
           zr-93         92.9065   6.072e-09   5.825e-09
           zr-94         93.9063   5.743e-09   5.450e-09
           zr-95         94.9080   1.509e-09   1.417e-09
           zr-96         95.9083   4.631e-09   4.303e-09
           mo-97         96.9060   4.355e-09   4.005e-09
           mo-98         97.9054   3.746e-09   3.410e-09
           tc-99         98.9063   3.152e-09   2.840e-09
           mo-100        99.9075   2.383e-09   2.126e-09
           ru-101       100.9056   1.767e-09   1.561e-09
           te-130       129.9062   3.808e-09   2.612e-09
           xe-131       130.9051   5.188e-09   3.532e-09
           xe-132       131.9042   7.158e-09   4.836e-09
           cs-133       132.9055   9.629e-09   6.456e-09
           xe-134       133.9054   1.285e-08   8.552e-09
           cs-135       134.9060   9.817e-09   6.485e-09
           xe-136       135.9072   1.515e-08   9.936e-09
           cs-137       136.9071   1.251e-08   8.146e-09
           ba-138       137.9052   1.303e-08   8.420e-09
           la-139       138.9064   1.382e-08   8.865e-09
           ba-140       139.9106   2.680e-11   1.707e-11
           ce-140       139.9054   1.473e-08   9.381e-09
           ce-141       140.9083   1.209e-09   7.644e-10
           pr-141       140.9077   1.372e-08   8.678e-09
           ce-142       141.9092   1.370e-08   8.603e-09
           pr-143       142.9108   3.905e-11   2.435e-11
           nd-143       142.9098   1.326e-08   8.272e-09
           ce-144       143.9136   9.434e-09   5.842e-09
           nd-145       144.9126   8.426e-09   5.182e-09
           nd-146       145.9131   7.430e-09   4.538e-09
           pm-147       146.9151   4.908e-09   2.977e-09
           nd-148       147.9169   3.418e-09   2.059e-09
Decay04z                 89.1171   1.000e+00   1.000e+00


Zone 5 Decay Concentrations:
Constituent             Avg Mass     Fraction in Level 1
Level 1    Isotope    [amu/atom]        Mass        Atom
           h-1            1.0078   9.428e-11   8.337e-09
           he-4           4.0026   1.066e-06   2.373e-05
           be-9           9.0122   2.736e-08   2.705e-07
           c-12          12.0000   7.286e-02   5.411e-01
           c-13          13.0034   9.253e-04   6.341e-03
           mg-24         23.9850   7.094e-10   2.636e-09
           mg-25         24.9858   3.339e-08   1.191e-07
           mg-26         25.9826   7.055e-10   2.420e-09
           al-27         26.9815   1.116e-08   3.686e-08
           si-28         27.9769   3.178e-02   1.012e-01
           si-29         28.9765   1.732e-03   5.326e-03
           si-30         29.9738   1.223e-03   3.636e-03
           p-31          30.9738   7.999e-10   2.301e-09
           th-230       230.0331   2.551e-06   9.885e-07
           th-232       232.0381   8.914e-01   3.423e-01
           pa-231       231.0359   1.025e-05   3.954e-06
           pa-233       233.0402   2.979e-06   1.139e-06
           u-232        232.0372   8.966e-09   3.444e-09
           u-233        233.0396   1.051e-04   4.018e-05
           u-234        234.0410   2.384e-08   9.079e-09
           br-81         80.9163   1.338e-09   1.473e-09
           se-82         81.9167   1.970e-09   2.143e-09
           kr-83         82.9141   2.840e-09   3.052e-09
           kr-84         83.9115   4.703e-09   4.995e-09
           kr-85         84.9125   1.470e-09   1.543e-09
           rb-85         84.9118   5.427e-09   5.696e-09
           kr-86         85.9106   9.300e-09   9.647e-09
           rb-87         86.9092   9.441e-09   9.681e-09
           sr-88         87.9056   1.030e-08   1.044e-08
           sr-89         88.9075   2.267e-09   2.272e-09
           y-89          88.9058   9.311e-09   9.333e-09
           sr-90         89.9077   1.219e-08   1.209e-08
           y-91          90.9073   2.951e-09   2.893e-09
           zr-91         90.9056   9.050e-09   8.872e-09
           zr-92         91.9050   1.172e-08   1.136e-08
           zr-93         92.9065   1.189e-08   1.141e-08
           zr-94         93.9063   1.130e-08   1.073e-08
           zr-95         94.9080   2.923e-09   2.745e-09
           nb-95         94.9068   2.326e-09   2.184e-09
           zr-96         95.9083   8.841e-09   8.215e-09
           mo-97         96.9060   8.202e-09   7.543e-09
           mo-98         97.9054   6.888e-09   6.270e-09
           tc-99         98.9063   5.586e-09   5.034e-09
           mo-100        99.9075   4.185e-09   3.733e-09
           ru-101       100.9056   3.225e-09   2.849e-09
           ru-102       101.9043   2.390e-09   2.090e-09
           ru-104       103.9054   1.961e-09   1.682e-09
           pd-105       104.9051   2.157e-09   1.832e-09
           ru-106       105.9073   1.846e-09   1.553e-09
           pd-107       106.9051   2.285e-09   1.905e-09
           pd-108       107.9039   2.546e-09   2.103e-09
           ag-109       108.9048   2.822e-09   2.309e-09
           pd-110       109.9052   2.868e-09   2.326e-09
           cd-111       110.9042   2.727e-09   2.191e-09
           cd-112       111.9028   3.127e-09   2.491e-09
           cd-113       112.9044   2.898e-09   2.288e-09
           cd-114       113.9034   3.081e-09   2.411e-09
           in-115       114.9039   2.783e-09   2.159e-09
           cd-116       115.9048   2.914e-09   2.240e-09
           sn-117       116.9030   3.329e-09   2.538e-09
           sn-118       117.9016   2.631e-09   1.989e-09
           sn-119       118.9033   2.487e-09   1.864e-09
           sn-120       119.9022   2.389e-09   1.776e-09
           sb-121       120.9038   2.235e-09   1.647e-09
           sn-122       121.9034   2.147e-09   1.569e-09
           sb-123       122.9042   2.063e-09   1.496e-09
           sn-126       125.9077   2.423e-09   1.715e-09
           i-127        126.9045   2.889e-09   2.029e-09
           te-128       127.9045   3.575e-09   2.491e-09
           i-129        128.9050   4.095e-09   2.831e-09
           te-130       129.9062   8.207e-09   5.630e-09
           xe-131       130.9051   1.048e-08   7.134e-09
           xe-132       131.9042   1.398e-08   9.449e-09
           cs-133       132.9055   1.914e-08   1.283e-08
           xe-134       133.9054   2.653e-08   1.766e-08
           cs-135       134.9060   2.020e-08   1.334e-08
           xe-136       135.9072   3.008e-08   1.972e-08
           cs-137       136.9071   2.480e-08   1.614e-08
           ba-138       137.9052   2.619e-08   1.692e-08
           la-139       138.9064   2.745e-08   1.761e-08
           ba-140       139.9106   5.241e-11   3.339e-11
           ce-140       139.9054   2.916e-08   1.857e-08
           ce-141       140.9083   2.395e-09   1.515e-09
           pr-141       140.9077   2.735e-08   1.730e-08
           ce-142       141.9092   2.685e-08   1.686e-08
           pr-143       142.9108   7.574e-11   4.723e-11
           nd-143       142.9098   2.606e-08   1.625e-08
           ce-144       143.9136   1.814e-08   1.123e-08
           nd-145       144.9126   1.589e-08   9.769e-09
           nd-146       145.9131   1.438e-08   8.785e-09
           pm-147       146.9151   9.707e-09   5.888e-09
           nd-148       147.9169   6.524e-09   3.930e-09
           sm-149       148.9172   4.060e-09   2.430e-09
           nd-150       149.9209   2.347e-09   1.395e-09
Decay05z                 89.1175   1.000e+00   1.000e+00


