1burnup summary table summed over all materials                                                         print table 220

 nuclides with atom fractions below 1.000E-10 for a material are zeroed and deleted from print tables after t=0

 nuclide data are sorted by increasing zaid summed over all materials volume  2.3748E+05 (cm**3)

 actinide inventory for sum of materials at end of step  0, time 0.000E+00 (days), power 5.000E+01 (MW)

  no. zaid     mass      activity   sp. act.  atom den.   atom fr.   mass fr.
               (gm)        (Ci)     (Ci/gm)    (a/b-cm)
   1  90230  0.000E+00  0.000E+00  0.000E+00  0.000E+00  0.000E+00  0.000E+00
   2  90231  0.000E+00  0.000E+00  0.000E+00  0.000E+00  0.000E+00  0.000E+00
   3  90232  0.000E+00  0.000E+00  0.000E+00  0.000E+00  0.000E+00  0.000E+00
   4  90233  0.000E+00  0.000E+00  0.000E+00  0.000E+00  0.000E+00  0.000E+00
   5  90234  0.000E+00  0.000E+00  0.000E+00  0.000E+00  0.000E+00  0.000E+00
   6  91231  0.000E+00  0.000E+00  0.000E+00  0.000E+00  0.000E+00  0.000E+00
   7  91232  0.000E+00  0.000E+00  0.000E+00  0.000E+00  0.000E+00  0.000E+00
   8  91233  0.000E+00  0.000E+00  0.000E+00  0.000E+00  0.000E+00  0.000E+00
   9  92233  0.000E+00  0.000E+00  0.000E+00  0.000E+00  0.000E+00  0.000E+00
  10  92234  1.025E+03  0.000E+00  0.000E+00  1.111E-05  1.585E-04  4.124E-04
  11  92235  1.085E+05  0.000E+00  0.000E+00  1.170E-03  1.670E-02  4.363E-02
  12  92236  3.186E+01  0.000E+00  0.000E+00  3.422E-07  4.885E-06  1.282E-05
  13  92237  0.000E+00  0.000E+00  0.000E+00  0.000E+00  0.000E+00  0.000E+00
  14  92238  2.081E+06  0.000E+00  0.000E+00  2.217E-02  3.165E-01  8.374E-01
  15  92239  0.000E+00  0.000E+00  0.000E+00  0.000E+00  0.000E+00  0.000E+00
  16  92240  0.000E+00  0.000E+00  0.000E+00  0.000E+00  0.000E+00  0.000E+00
  17  93235  0.000E+00  0.000E+00  0.000E+00  0.000E+00  0.000E+00  0.000E+00
  18  93236  0.000E+00  0.000E+00  0.000E+00  0.000E+00  0.000E+00  0.000E+00
  19  93237  0.000E+00  0.000E+00  0.000E+00  0.000E+00  0.000E+00  0.000E+00
  20  93238  0.000E+00  0.000E+00  0.000E+00  0.000E+00  0.000E+00  0.000E+00
  21  93239  0.000E+00  0.000E+00  0.000E+00  0.000E+00  0.000E+00  0.000E+00
  22  94236  0.000E+00  0.000E+00  0.000E+00  0.000E+00  0.000E+00  0.000E+00
  23  94237  0.000E+00  0.000E+00  0.000E+00  0.000E+00  0.000E+00  0.000E+00
  24  94238  0.000E+00  0.000E+00  0.000E+00  0.000E+00  0.000E+00  0.000E+00
  25  94239  0.000E+00  0.000E+00  0.000E+00  0.000E+00  0.000E+00  0.000E+00
  26  94240  0.000E+00  0.000E+00  0.000E+00  0.000E+00  0.000E+00  0.000E+00
  27  94241  0.000E+00  0.000E+00  0.000E+00  0.000E+00  0.000E+00  0.000E+00
  28  94242  0.000E+00  0.000E+00  0.000E+00  0.000E+00  0.000E+00  0.000E+00
     totals  2.191E+06  0.000E+00  0.000E+00  2.335E-02  3.333E-01  8.814E-01

 actinide inventory for sum of materials at end of step  1, time 4.000E+00 (days), power 5.000E+01 (MW)

  no. zaid     mass      activity   sp. act.  atom den.   atom fr.   mass fr.
               (gm)        (Ci)     (Ci/gm)    (a/b-cm)
   1  92234  1.024E+03  6.367E+00  6.217E-03  1.110E-05  1.584E-04  4.120E-04
   2  92235  1.082E+05  2.339E-01  2.161E-06  1.167E-03  1.666E-02  4.354E-02
   3  92236  7.974E+01  5.157E-03  6.467E-05  8.567E-07  1.223E-05  3.208E-05
   4  92237  4.716E-01  3.848E+04  8.160E+04  5.045E-09  7.201E-08  1.897E-07
   5  92238  2.081E+06  6.996E-01  3.361E-07  2.217E-02  3.165E-01  8.374E-01
   6  92239  5.603E-01  1.878E+07  3.351E+07  5.943E-09  8.483E-08  2.254E-07
   7  93237  1.026E-01  7.228E-05  7.047E-04  1.097E-09  1.566E-08  4.127E-08
   8  93239  5.580E+01  1.294E+07  2.319E+05  5.919E-07  8.448E-06  2.245E-05
   9  94239  3.877E+01  2.405E+00  6.203E-02  4.113E-07  5.870E-06  1.560E-05
  10  94240  1.017E-01  2.309E-02  2.269E-01  1.075E-09  1.534E-08  4.093E-08
  11  94241  1.104E-04  1.141E-02  1.033E+02  1.161E-12  1.657E-11  4.440E-11
     totals  2.191E+06  3.176E+07  1.450E+01  2.335E-02  3.333E-01  8.814E-01

 actinide inventory for sum of materials at end of step  2, time 8.000E+00 (days), power 5.000E+01 (MW)

  no. zaid     mass      activity   sp. act.  atom den.   atom fr.   mass fr.
               (gm)        (Ci)     (Ci/gm)    (a/b-cm)
   1  92234  1.023E+03  6.360E+00  6.217E-03  1.108E-05  1.582E-04  4.116E-04
   2  92235  1.080E+05  2.334E-01  2.161E-06  1.165E-03  1.663E-02  4.344E-02
   3  92236  1.275E+02  8.242E-03  6.467E-05  1.369E-06  1.954E-05  5.128E-05
   4  92237  8.037E-01  6.559E+04  8.160E+04  8.598E-09  1.227E-07  3.234E-07
   5  92238  2.081E+06  6.995E-01  3.361E-07  2.217E-02  3.164E-01  8.374E-01
   6  92239  5.590E-01  1.873E+07  3.351E+07  5.930E-09  8.463E-08  2.249E-07
   7  93237  3.678E-01  2.592E-04  7.047E-04  3.935E-09  5.616E-08  1.480E-07
   8  93238  3.403E-05  8.816E+00  2.591E+05  3.625E-13  5.173E-12  1.369E-11
   9  93239  7.283E+01  1.689E+07  2.319E+05  7.726E-07  1.103E-05  2.930E-05
  10  94239  1.155E+02  7.163E+00  6.203E-02  1.225E-06  1.748E-05  4.646E-05
  11  94240  4.681E-01  1.062E-01  2.269E-01  4.945E-09  7.058E-08  1.884E-07
  12  94241  4.155E-03  4.294E-01  1.033E+02  4.371E-11  6.239E-10  1.672E-09
     totals  2.191E+06  3.569E+07  1.629E+01  2.335E-02  3.333E-01  8.814E-01

 actinide inventory for sum of materials at end of step  3, time 1.600E+01 (days), power 5.000E+01 (MW)

  no. zaid     mass      activity   sp. act.  atom den.   atom fr.   mass fr.
               (gm)        (Ci)     (Ci/gm)    (a/b-cm)
   1  92234  1.021E+03  6.347E+00  6.217E-03  1.106E-05  1.579E-04  4.108E-04
   2  92235  1.075E+05  2.323E-01  2.161E-06  1.160E-03  1.655E-02  4.325E-02
   3  92236  2.223E+02  1.438E-02  6.467E-05  2.389E-06  3.409E-05  8.946E-05
   4  92237  1.236E+00  1.009E+05  8.160E+04  1.322E-08  1.887E-07  4.973E-07
   5  92238  2.081E+06  6.995E-01  3.361E-07  2.217E-02  3.164E-01  8.374E-01
   6  92239  5.594E-01  1.875E+07  3.351E+07  5.934E-09  8.470E-08  2.251E-07
   7  93237  1.218E+00  8.586E-04  7.047E-04  1.303E-08  1.860E-07  4.902E-07
   8  93238  1.360E-03  3.524E+02  2.591E+05  1.449E-11  2.068E-10  5.473E-10
   9  93239  7.989E+01  1.853E+07  2.319E+05  8.475E-07  1.210E-05  3.215E-05
  10  94238  2.344E-03  4.014E-02  1.712E+01  2.497E-11  3.564E-10  9.432E-10
  11  94239  2.939E+02  1.823E+01  6.203E-02  3.118E-06  4.451E-05  1.183E-04
  12  94240  2.187E+00  4.962E-01  2.269E-01  2.310E-08  3.297E-07  8.798E-07
  13  94241  4.657E-02  4.813E+00  1.033E+02  4.899E-10  6.993E-09  1.874E-08
     totals  2.190E+06  3.738E+07  1.707E+01  2.335E-02  3.332E-01  8.813E-01

 actinide inventory for sum of materials at end of step  4, time 3.200E+01 (days), power 5.000E+01 (MW)

  no. zaid     mass      activity   sp. act.  atom den.   atom fr.   mass fr.
               (gm)        (Ci)     (Ci/gm)    (a/b-cm)
   1  92233  2.371E-04  2.285E-06  9.636E-03  2.580E-12  3.683E-11  9.543E-11
   2  92234  1.017E+03  6.321E+00  6.217E-03  1.102E-05  1.572E-04  4.092E-04
   3  92235  1.065E+05  2.302E-01  2.161E-06  1.149E-03  1.640E-02  4.287E-02
   4  92236  4.099E+02  2.651E-02  6.467E-05  4.404E-06  6.286E-05  1.650E-04
   5  92237  1.715E+00  1.400E+05  8.160E+04  1.835E-08  2.619E-07  6.904E-07
   6  92238  2.081E+06  6.993E-01  3.361E-07  2.216E-02  3.163E-01  8.373E-01
   7  92239  5.603E-01  1.878E+07  3.351E+07  5.944E-09  8.483E-08  2.255E-07
   8  93237  3.662E+00  2.581E-03  7.047E-04  3.917E-08  5.591E-07  1.474E-06
   9  93238  5.456E-03  1.414E+03  2.591E+05  5.812E-11  8.295E-10  2.195E-09
  10  93239  8.080E+01  1.874E+07  2.319E+05  8.571E-07  1.223E-05  3.252E-05
  11  94238  1.989E-02  3.405E-01  1.712E+01  2.118E-10  3.024E-09  8.003E-09
  12  94239  6.540E+02  4.056E+01  6.203E-02  6.937E-06  9.901E-05  2.632E-04
  13  94240  9.515E+00  2.159E+00  2.269E-01  1.005E-07  1.435E-06  3.829E-06
  14  94241  4.383E-01  4.530E+01  1.033E+02  4.611E-09  6.581E-08  1.764E-07
  15  94242  2.224E-03  8.793E-06  3.954E-03  2.329E-11  3.325E-10  8.948E-10
     totals  2.189E+06  3.766E+07  1.720E+01  2.334E-02  3.331E-01  8.810E-01

 actinide inventory for sum of materials at end of step  5, time 4.800E+01 (days), power 5.000E+01 (MW)

  no. zaid     mass      activity   sp. act.  atom den.   atom fr.   mass fr.
               (gm)        (Ci)     (Ci/gm)    (a/b-cm)
   1  92233  5.200E-04  5.011E-06  9.636E-03  5.658E-12  8.076E-11  2.093E-10
   2  92234  1.013E+03  6.295E+00  6.217E-03  1.097E-05  1.566E-04  4.075E-04
   3  92235  1.056E+05  2.282E-01  2.161E-06  1.139E-03  1.626E-02  4.249E-02
   4  92236  5.952E+02  3.849E-02  6.467E-05  6.394E-06  9.126E-05  2.396E-04
   5  92237  2.020E+00  1.649E+05  8.160E+04  2.161E-08  3.085E-07  8.132E-07
   6  92238  2.080E+06  6.992E-01  3.361E-07  2.216E-02  3.163E-01  8.372E-01
   7  92239  5.627E-01  1.886E+07  3.351E+07  5.969E-09  8.519E-08  2.265E-07
   8  93237  6.692E+00  4.716E-03  7.047E-04  7.158E-08  1.022E-06  2.693E-06
   9  93238  1.046E-02  2.711E+03  2.591E+05  1.114E-10  1.591E-09  4.211E-09
  10  93239  8.116E+01  1.882E+07  2.319E+05  8.609E-07  1.229E-05  3.267E-05
  11  94238  6.129E-02  1.050E+00  1.712E+01  6.529E-10  9.318E-09  2.467E-08
  12  94239  1.003E+03  6.220E+01  6.203E-02  1.064E-05  1.518E-04  4.036E-04
  13  94240  2.109E+01  4.785E+00  2.269E-01  2.227E-07  3.179E-06  8.487E-06
  14  94241  1.454E+00  1.503E+02  1.033E+02  1.530E-08  2.184E-07  5.853E-07
  15  94242  1.165E-02  4.606E-05  3.954E-03  1.220E-10  1.742E-09  4.688E-09
     totals  2.188E+06  3.785E+07  1.729E+01  2.333E-02  3.329E-01  8.808E-01

 actinide inventory for sum of materials at end of step  6, time 6.400E+01 (days), power 5.000E+01 (MW)

  no. zaid     mass      activity   sp. act.  atom den.   atom fr.   mass fr.
               (gm)        (Ci)     (Ci/gm)    (a/b-cm)
   1  92233  7.953E-04  7.663E-06  9.636E-03  8.654E-12  1.235E-10  3.201E-10
   2  92234  1.008E+03  6.269E+00  6.217E-03  1.093E-05  1.559E-04  4.059E-04
   3  92235  1.046E+05  2.262E-01  2.161E-06  1.129E-03  1.611E-02  4.212E-02
   4  92236  7.783E+02  5.033E-02  6.467E-05  8.361E-06  1.193E-04  3.133E-04
   5  92237  2.270E+00  1.852E+05  8.160E+04  2.428E-08  3.466E-07  9.138E-07
   6  92238  2.080E+06  6.990E-01  3.361E-07  2.215E-02  3.162E-01  8.372E-01
   7  92239  5.637E-01  1.889E+07  3.351E+07  5.980E-09  8.535E-08  2.269E-07
   8  93237  1.014E+01  7.147E-03  7.047E-04  1.085E-07  1.548E-06  4.082E-06
   9  93238  1.583E-02  4.101E+03  2.591E+05  1.686E-10  2.406E-09  6.371E-09
  10  93239  8.132E+01  1.886E+07  2.319E+05  8.626E-07  1.231E-05  3.273E-05
  11  94238  1.294E-01  2.216E+00  1.712E+01  1.378E-09  1.967E-08  5.208E-08
  12  94239  1.341E+03  8.317E+01  6.203E-02  1.422E-05  2.030E-04  5.397E-04
  13  94240  3.607E+01  8.185E+00  2.269E-01  3.811E-07  5.438E-06  1.452E-05
  14  94241  3.250E+00  3.359E+02  1.033E+02  3.419E-08  4.880E-07  1.308E-06
  15  94242  3.458E-02  1.367E-04  3.954E-03  3.623E-10  5.170E-09  1.392E-08
     totals  2.188E+06  3.794E+07  1.734E+01  2.332E-02  3.328E-01  8.806E-01

 nonactinide inventory for sum of materials at end of step  0, time 0.000E+00 (days), power 5.000E+01 (MW)

  no. zaid     mass      activity   sp. act.  atom den.   atom fr.   mass fr.
               (gm)        (Ci)     (Ci/gm)    (a/b-cm)
   1   6012  0.000E+00  0.000E+00  0.000E+00  0.000E+00  0.000E+00  0.000E+00
   2   6013  0.000E+00  0.000E+00  0.000E+00  0.000E+00  0.000E+00  0.000E+00
   3   7014  0.000E+00  0.000E+00  0.000E+00  0.000E+00  0.000E+00  0.000E+00
   4   7015  0.000E+00  0.000E+00  0.000E+00  0.000E+00  0.000E+00  0.000E+00
   5   8016  2.939E+05  0.000E+00  0.000E+00  4.660E-02  6.650E-01  1.182E-01
   6   8017  1.190E+02  0.000E+00  0.000E+00  1.775E-05  2.533E-04  4.787E-05
   7   8018  6.796E+02  0.000E+00  0.000E+00  9.575E-05  1.367E-03  2.734E-04
   8   9019  0.000E+00  0.000E+00  0.000E+00  0.000E+00  0.000E+00  0.000E+00
   9  10020  0.000E+00  0.000E+00  0.000E+00  0.000E+00  0.000E+00  0.000E+00
  10  10021  0.000E+00  0.000E+00  0.000E+00  0.000E+00  0.000E+00  0.000E+00
  11  10022  0.000E+00  0.000E+00  0.000E+00  0.000E+00  0.000E+00  0.000E+00
  12  33074  0.000E+00  0.000E+00  0.000E+00  0.000E+00  0.000E+00  0.000E+00
  13  33075  0.000E+00  0.000E+00  0.000E+00  0.000E+00  0.000E+00  0.000E+00
  14  35079  0.000E+00  0.000E+00  0.000E+00  0.000E+00  0.000E+00  0.000E+00
  15  35081  0.000E+00  0.000E+00  0.000E+00  0.000E+00  0.000E+00  0.000E+00
  16  36078  0.000E+00  0.000E+00  0.000E+00  0.000E+00  0.000E+00  0.000E+00
  17  36080  0.000E+00  0.000E+00  0.000E+00  0.000E+00  0.000E+00  0.000E+00
  18  36082  0.000E+00  0.000E+00  0.000E+00  0.000E+00  0.000E+00  0.000E+00
  19  36083  0.000E+00  0.000E+00  0.000E+00  0.000E+00  0.000E+00  0.000E+00
  20  36084  0.000E+00  0.000E+00  0.000E+00  0.000E+00  0.000E+00  0.000E+00
  21  36086  0.000E+00  0.000E+00  0.000E+00  0.000E+00  0.000E+00  0.000E+00
  22  37085  0.000E+00  0.000E+00  0.000E+00  0.000E+00  0.000E+00  0.000E+00
  23  37087  0.000E+00  0.000E+00  0.000E+00  0.000E+00  0.000E+00  0.000E+00
  24  39089  0.000E+00  0.000E+00  0.000E+00  0.000E+00  0.000E+00  0.000E+00
  25  40090  0.000E+00  0.000E+00  0.000E+00  0.000E+00  0.000E+00  0.000E+00
  26  40091  0.000E+00  0.000E+00  0.000E+00  0.000E+00  0.000E+00  0.000E+00
  27  40092  0.000E+00  0.000E+00  0.000E+00  0.000E+00  0.000E+00  0.000E+00
  28  40093  0.000E+00  0.000E+00  0.000E+00  0.000E+00  0.000E+00  0.000E+00
  29  40094  0.000E+00  0.000E+00  0.000E+00  0.000E+00  0.000E+00  0.000E+00
  30  40096  0.000E+00  0.000E+00  0.000E+00  0.000E+00  0.000E+00  0.000E+00
  31  41093  0.000E+00  0.000E+00  0.000E+00  0.000E+00  0.000E+00  0.000E+00
  32  42095  0.000E+00  0.000E+00  0.000E+00  0.000E+00  0.000E+00  0.000E+00
  33  43099  0.000E+00  0.000E+00  0.000E+00  0.000E+00  0.000E+00  0.000E+00
  34  44101  0.000E+00  0.000E+00  0.000E+00  0.000E+00  0.000E+00  0.000E+00
  35  44103  0.000E+00  0.000E+00  0.000E+00  0.000E+00  0.000E+00  0.000E+00
  36  45103  0.000E+00  0.000E+00  0.000E+00  0.000E+00  0.000E+00  0.000E+00
  37  46102  0.000E+00  0.000E+00  0.000E+00  0.000E+00  0.000E+00  0.000E+00
  38  46104  0.000E+00  0.000E+00  0.000E+00  0.000E+00  0.000E+00  0.000E+00
  39  46105  0.000E+00  0.000E+00  0.000E+00  0.000E+00  0.000E+00  0.000E+00
  40  46106  0.000E+00  0.000E+00  0.000E+00  0.000E+00  0.000E+00  0.000E+00
  41  46108  0.000E+00  0.000E+00  0.000E+00  0.000E+00  0.000E+00  0.000E+00
  42  46110  0.000E+00  0.000E+00  0.000E+00  0.000E+00  0.000E+00  0.000E+00
  43  47107  0.000E+00  0.000E+00  0.000E+00  0.000E+00  0.000E+00  0.000E+00
  44  47109  0.000E+00  0.000E+00  0.000E+00  0.000E+00  0.000E+00  0.000E+00
  45  48106  0.000E+00  0.000E+00  0.000E+00  0.000E+00  0.000E+00  0.000E+00
  46  48108  0.000E+00  0.000E+00  0.000E+00  0.000E+00  0.000E+00  0.000E+00
  47  48110  0.000E+00  0.000E+00  0.000E+00  0.000E+00  0.000E+00  0.000E+00
  48  48111  0.000E+00  0.000E+00  0.000E+00  0.000E+00  0.000E+00  0.000E+00
  49  48112  0.000E+00  0.000E+00  0.000E+00  0.000E+00  0.000E+00  0.000E+00
  50  48113  0.000E+00  0.000E+00  0.000E+00  0.000E+00  0.000E+00  0.000E+00
  51  50120  0.000E+00  0.000E+00  0.000E+00  0.000E+00  0.000E+00  0.000E+00
  52  53127  0.000E+00  0.000E+00  0.000E+00  0.000E+00  0.000E+00  0.000E+00
  53  53129  0.000E+00  0.000E+00  0.000E+00  0.000E+00  0.000E+00  0.000E+00
  54  53132  0.000E+00  0.000E+00  0.000E+00  0.000E+00  0.000E+00  0.000E+00
  55  53133  0.000E+00  0.000E+00  0.000E+00  0.000E+00  0.000E+00  0.000E+00
  56  53134  0.000E+00  0.000E+00  0.000E+00  0.000E+00  0.000E+00  0.000E+00
  57  53135  0.000E+00  0.000E+00  0.000E+00  0.000E+00  0.000E+00  0.000E+00
  58  54124  0.000E+00  0.000E+00  0.000E+00  0.000E+00  0.000E+00  0.000E+00
  59  54126  0.000E+00  0.000E+00  0.000E+00  0.000E+00  0.000E+00  0.000E+00
  60  54129  0.000E+00  0.000E+00  0.000E+00  0.000E+00  0.000E+00  0.000E+00
  61  54130  0.000E+00  0.000E+00  0.000E+00  0.000E+00  0.000E+00  0.000E+00
  62  54131  0.000E+00  0.000E+00  0.000E+00  0.000E+00  0.000E+00  0.000E+00
  63  54132  0.000E+00  0.000E+00  0.000E+00  0.000E+00  0.000E+00  0.000E+00
  64  54134  0.000E+00  0.000E+00  0.000E+00  0.000E+00  0.000E+00  0.000E+00
  65  54135  4.788E-01  0.000E+00  0.000E+00  9.000E-09  1.285E-07  1.926E-07
  66  54136  0.000E+00  0.000E+00  0.000E+00  0.000E+00  0.000E+00  0.000E+00
  67  55133  0.000E+00  0.000E+00  0.000E+00  0.000E+00  0.000E+00  0.000E+00
  68  55134  0.000E+00  0.000E+00  0.000E+00  0.000E+00  0.000E+00  0.000E+00
  69  55135  0.000E+00  0.000E+00  0.000E+00  0.000E+00  0.000E+00  0.000E+00
  70  55136  0.000E+00  0.000E+00  0.000E+00  0.000E+00  0.000E+00  0.000E+00
  71  55137  0.000E+00  0.000E+00  0.000E+00  0.000E+00  0.000E+00  0.000E+00
  72  56136  0.000E+00  0.000E+00  0.000E+00  0.000E+00  0.000E+00  0.000E+00
  73  56137  0.000E+00  0.000E+00  0.000E+00  0.000E+00  0.000E+00  0.000E+00
  74  56138  0.000E+00  0.000E+00  0.000E+00  0.000E+00  0.000E+00  0.000E+00
  75  59141  0.000E+00  0.000E+00  0.000E+00  0.000E+00  0.000E+00  0.000E+00
  76  60143  0.000E+00  0.000E+00  0.000E+00  0.000E+00  0.000E+00  0.000E+00
  77  60145  0.000E+00  0.000E+00  0.000E+00  0.000E+00  0.000E+00  0.000E+00
  78  60147  0.000E+00  0.000E+00  0.000E+00  0.000E+00  0.000E+00  0.000E+00
  79  60148  0.000E+00  0.000E+00  0.000E+00  0.000E+00  0.000E+00  0.000E+00
  80  61147  0.000E+00  0.000E+00  0.000E+00  0.000E+00  0.000E+00  0.000E+00
  81  61148  0.000E+00  0.000E+00  0.000E+00  0.000E+00  0.000E+00  0.000E+00
  82  61149  0.000E+00  0.000E+00  0.000E+00  0.000E+00  0.000E+00  0.000E+00
  83  62147  0.000E+00  0.000E+00  0.000E+00  0.000E+00  0.000E+00  0.000E+00
  84  62149  0.000E+00  0.000E+00  0.000E+00  0.000E+00  0.000E+00  0.000E+00
  85  62150  0.000E+00  0.000E+00  0.000E+00  0.000E+00  0.000E+00  0.000E+00
  86  62151  0.000E+00  0.000E+00  0.000E+00  0.000E+00  0.000E+00  0.000E+00
  87  62152  0.000E+00  0.000E+00  0.000E+00  0.000E+00  0.000E+00  0.000E+00
  88  63151  0.000E+00  0.000E+00  0.000E+00  0.000E+00  0.000E+00  0.000E+00
  89  64152  0.000E+00  0.000E+00  0.000E+00  0.000E+00  0.000E+00  0.000E+00
  90  64154  0.000E+00  0.000E+00  0.000E+00  0.000E+00  0.000E+00  0.000E+00
  91  64155  0.000E+00  0.000E+00  0.000E+00  0.000E+00  0.000E+00  0.000E+00
  92  64156  0.000E+00  0.000E+00  0.000E+00  0.000E+00  0.000E+00  0.000E+00
  93  64157  0.000E+00  0.000E+00  0.000E+00  0.000E+00  0.000E+00  0.000E+00
  94  64158  0.000E+00  0.000E+00  0.000E+00  0.000E+00  0.000E+00  0.000E+00
  95  64160  0.000E+00  0.000E+00  0.000E+00  0.000E+00  0.000E+00  0.000E+00
  96  67165  0.000E+00  0.000E+00  0.000E+00  0.000E+00  0.000E+00  0.000E+00
     totals  2.947E+05  0.000E+00  0.000E+00  4.671E-02  6.667E-01  1.186E-01

 nonactinide inventory for sum of materials at end of step  1, time 4.000E+00 (days), power 5.000E+01 (MW)

  no. zaid     mass      activity   sp. act.  atom den.   atom fr.   mass fr.
               (gm)        (Ci)     (Ci/gm)    (a/b-cm)
   1   6012  1.465E-03  0.000E+00  0.000E+00  3.097E-10  4.420E-09  5.895E-10
   2   6013  4.874E-02  0.000E+00  0.000E+00  9.505E-09  1.357E-07  1.961E-08
   3   7015  7.888E-05  0.000E+00  0.000E+00  1.334E-11  1.903E-10  3.174E-11
   4   8016  2.939E+05  0.000E+00  0.000E+00  4.660E-02  6.650E-01  1.182E-01
   5   8017  1.190E+02  0.000E+00  0.000E+00  1.775E-05  2.533E-04  4.787E-05
   6   8018  6.796E+02  0.000E+00  0.000E+00  9.575E-05  1.367E-03  2.734E-04
   7  33075  6.667E-04  0.000E+00  0.000E+00  2.257E-11  3.221E-10  2.682E-10
   8  35081  1.411E-01  0.000E+00  0.000E+00  4.422E-09  6.311E-08  5.676E-08
   9  36083  3.661E-01  0.000E+00  0.000E+00  1.120E-08  1.598E-07  1.473E-07
  10  36084  7.216E-01  0.000E+00  0.000E+00  2.181E-08  3.112E-07  2.903E-07
  11  36086  1.573E+00  0.000E+00  0.000E+00  4.644E-08  6.629E-07  6.330E-07
  12  37085  6.385E-01  0.000E+00  0.000E+00  1.907E-08  2.722E-07  2.569E-07
  13  37087  1.919E+00  1.644E-07  8.570E-08  5.598E-08  7.991E-07  7.720E-07
  14  39089  9.766E-02  0.000E+00  0.000E+00  2.785E-09  3.976E-08  3.929E-08
  15  40090  2.565E-05  0.000E+00  0.000E+00  7.233E-13  1.032E-11  1.032E-11
  16  40091  8.042E-02  0.000E+00  0.000E+00  2.243E-09  3.202E-08  3.235E-08
  17  40092  4.397E+00  0.000E+00  0.000E+00  1.213E-07  1.731E-06  1.769E-06
  18  40093  4.389E+00  1.104E-02  2.515E-03  1.198E-07  1.710E-06  1.766E-06
  19  40094  5.298E+00  0.000E+00  0.000E+00  1.431E-07  2.042E-06  2.132E-06
  20  40096  5.399E+00  0.000E+00  0.000E+00  1.427E-07  2.037E-06  2.172E-06
  21  42095  2.984E-03  0.000E+00  0.000E+00  7.974E-11  1.138E-09  1.201E-09
  22  43099  1.738E+00  2.975E-02  1.712E-02  4.455E-08  6.359E-07  6.991E-07
  23  44101  4.677E+00  0.000E+00  0.000E+00  1.175E-07  1.678E-06  1.882E-06
  24  44103  2.847E+00  9.200E+04  3.232E+04  7.014E-08  1.001E-06  1.145E-06
  25  45103  9.884E-02  0.000E+00  0.000E+00  2.436E-09  3.476E-08  3.976E-08
  26  46105  5.174E-01  0.000E+00  0.000E+00  1.251E-08  1.785E-07  2.082E-07
  27  46106  2.287E-02  0.000E+00  0.000E+00  5.476E-10  7.816E-09  9.202E-09
  28  46108  8.250E-02  0.000E+00  0.000E+00  1.939E-09  2.767E-08  3.319E-08
  29  46110  3.183E-02  0.000E+00  0.000E+00  7.345E-10  1.048E-08  1.281E-08
  30  47109  3.398E-02  0.000E+00  0.000E+00  7.912E-10  1.129E-08  1.367E-08
  31  48111  3.372E-03  0.000E+00  0.000E+00  7.709E-11  1.100E-09  1.356E-09
  32  48112  1.006E-02  0.000E+00  0.000E+00  2.280E-10  3.254E-09  4.048E-09
  33  48113  1.357E-02  4.621E-15  3.405E-13  3.048E-10  4.351E-09  5.460E-09
  34  50120  1.509E-02  0.000E+00  0.000E+00  3.192E-10  4.556E-09  6.072E-09
  35  53127  3.122E-02  0.000E+00  0.000E+00  6.238E-10  8.904E-09  1.256E-08
  36  53129  4.969E-01  8.777E-05  1.766E-04  9.774E-09  1.395E-07  1.999E-07
  37  53132  9.883E-02  1.028E+06  1.040E+07  1.900E-09  2.712E-08  3.976E-08
  38  53133  2.376E+00  2.693E+06  1.134E+06  4.532E-08  6.469E-07  9.557E-07
  39  53134  1.228E-01  3.277E+06  2.669E+07  2.325E-09  3.318E-08  4.940E-08
  40  53135  7.495E-01  2.650E+06  3.536E+06  1.409E-08  2.011E-07  3.016E-07
  41  54131  4.707E-01  0.000E+00  0.000E+00  9.118E-09  1.301E-07  1.894E-07
  42  54132  1.589E+00  0.000E+00  0.000E+00  3.055E-08  4.361E-07  6.394E-07
  43  54134  9.166E+00  0.000E+00  0.000E+00  1.736E-07  2.477E-06  3.688E-06
  44  54135  5.091E-01  1.294E+06  2.541E+06  9.569E-09  1.366E-07  2.048E-07
  45  54136  1.147E+01  0.000E+00  0.000E+00  2.140E-07  3.055E-06  4.615E-06
  46  55133  9.815E-01  0.000E+00  0.000E+00  1.873E-08  2.673E-07  3.949E-07
  47  55134  3.935E-05  5.095E-02  1.295E+03  7.452E-13  1.064E-11  1.583E-11
  48  55135  3.352E+00  3.862E-03  1.152E-03  6.301E-08  8.993E-07  1.349E-06
  49  55136  5.931E-03  4.330E+02  7.301E+04  1.107E-10  1.579E-09  2.386E-09
  50  55137  7.531E+00  6.555E+02  8.704E+01  1.395E-07  1.991E-06  3.030E-06
  51  56136  6.099E-04  0.000E+00  0.000E+00  1.138E-11  1.624E-10  2.454E-10
  52  56137  1.156E-03  0.000E+00  0.000E+00  2.141E-11  3.056E-10  4.651E-10
  53  56138  8.151E+00  0.000E+00  0.000E+00  1.499E-07  2.139E-06  3.279E-06
  54  59141  2.671E-01  0.000E+00  0.000E+00  4.807E-09  6.861E-08  1.075E-07
  55  60143  3.118E-01  0.000E+00  0.000E+00  5.532E-09  7.896E-08  1.254E-07
  56  60145  4.608E+00  1.895E-13  4.112E-14  8.063E-08  1.151E-06  1.854E-06
  57  60147  2.610E+00  2.113E+05  8.094E+04  4.505E-08  6.430E-07  1.050E-06
  58  60148  2.239E+00  0.000E+00  0.000E+00  3.839E-08  5.479E-07  9.009E-07
  59  61147  3.416E-01  3.169E+02  9.276E+02  5.897E-09  8.416E-08  1.374E-07
  60  61149  8.280E-01  3.283E+05  3.964E+05  1.410E-08  2.012E-07  3.331E-07
  61  62147  1.643E-04  3.771E-12  2.296E-08  2.836E-12  4.047E-11  6.609E-11
  62  62149  5.528E-01  6.635E-13  1.200E-12  9.414E-09  1.344E-07  2.224E-07
  63  62150  5.725E-02  0.000E+00  0.000E+00  9.684E-10  1.382E-08  2.303E-08
  64  62151  3.574E-01  9.408E+00  2.632E+01  6.006E-09  8.572E-08  1.438E-07
  65  62152  3.850E-01  0.000E+00  0.000E+00  6.426E-09  9.172E-08  1.549E-07
  66  64156  1.744E-03  0.000E+00  0.000E+00  2.836E-11  4.048E-10  7.016E-10
  67  64157  7.608E-03  0.000E+00  0.000E+00  1.229E-10  1.755E-09  3.061E-09
  68  64158  7.101E-03  0.000E+00  0.000E+00  1.140E-10  1.628E-09  2.857E-09
  69  64160  6.854E-04  0.000E+00  0.000E+00  1.087E-11  1.551E-10  2.758E-10
     totals  2.948E+05  1.157E+07  3.926E+01  4.671E-02  6.667E-01  1.186E-01

 nonactinide inventory for sum of materials at end of step  2, time 8.000E+00 (days), power 5.000E+01 (MW)

  no. zaid     mass      activity   sp. act.  atom den.   atom fr.   mass fr.
               (gm)        (Ci)     (Ci/gm)    (a/b-cm)
   1   6012  2.924E-03  0.000E+00  0.000E+00  6.178E-10  8.818E-09  1.176E-09
   2   6013  9.733E-02  0.000E+00  0.000E+00  1.898E-08  2.709E-07  3.916E-08
   3   7015  1.642E-04  0.000E+00  0.000E+00  2.775E-11  3.961E-10  6.605E-11
   4   8016  2.939E+05  0.000E+00  0.000E+00  4.660E-02  6.650E-01  1.182E-01
   5   8017  1.190E+02  0.000E+00  0.000E+00  1.775E-05  2.533E-04  4.787E-05
   6   8018  6.796E+02  0.000E+00  0.000E+00  9.575E-05  1.367E-03  2.735E-04
   7  33075  1.349E-03  0.000E+00  0.000E+00  4.567E-11  6.519E-10  5.429E-10
   8  35081  2.821E-01  0.000E+00  0.000E+00  8.840E-09  1.262E-07  1.135E-07
   9  36083  7.465E-01  0.000E+00  0.000E+00  2.283E-08  3.259E-07  3.004E-07
  10  36084  1.443E+00  0.000E+00  0.000E+00  4.359E-08  6.222E-07  5.804E-07
  11  36086  3.145E+00  0.000E+00  0.000E+00  9.282E-08  1.325E-06  1.265E-06
  12  37085  1.322E+00  0.000E+00  0.000E+00  3.949E-08  5.636E-07  5.320E-07
  13  37087  3.835E+00  3.286E-07  8.570E-08  1.119E-07  1.597E-06  1.543E-06
  14  39089  3.843E-01  0.000E+00  0.000E+00  1.096E-08  1.564E-07  1.546E-07
  15  40090  1.071E-03  0.000E+00  0.000E+00  3.022E-11  4.313E-10  4.310E-10
  16  40091  3.654E-01  0.000E+00  0.000E+00  1.019E-08  1.455E-07  1.470E-07
  17  40092  9.240E+00  0.000E+00  0.000E+00  2.549E-07  3.639E-06  3.717E-06
  18  40093  9.557E+00  2.404E-02  2.515E-03  2.609E-07  3.723E-06  3.845E-06
  19  40094  1.059E+01  0.000E+00  0.000E+00  2.860E-07  4.082E-06  4.261E-06
  20  40096  1.079E+01  0.000E+00  0.000E+00  2.854E-07  4.073E-06  4.342E-06
  21  42095  2.322E-02  0.000E+00  0.000E+00  6.204E-10  8.855E-09  9.342E-09
  22  43099  5.774E+00  9.887E-02  1.712E-02  1.480E-07  2.113E-06  2.323E-06
  23  44101  9.352E+00  0.000E+00  0.000E+00  2.350E-07  3.355E-06  3.763E-06
  24  44103  5.503E+00  1.778E+05  3.232E+04  1.356E-07  1.935E-06  2.214E-06
  25  45103  3.888E-01  0.000E+00  0.000E+00  9.582E-09  1.368E-07  1.564E-07
  26  46104  3.563E-04  0.000E+00  0.000E+00  8.697E-12  1.241E-10  1.434E-10
  27  46105  1.471E+00  0.000E+00  0.000E+00  3.555E-08  5.074E-07  5.917E-07
  28  46106  6.950E-02  0.000E+00  0.000E+00  1.664E-09  2.375E-08  2.796E-08
  29  46108  1.682E-01  0.000E+00  0.000E+00  3.953E-09  5.642E-08  6.768E-08
  30  46110  6.463E-02  0.000E+00  0.000E+00  1.491E-09  2.128E-08  2.600E-08
  31  47109  7.827E-02  0.000E+00  0.000E+00  1.822E-09  2.601E-08  3.149E-08
  32  48111  1.193E-02  0.000E+00  0.000E+00  2.727E-10  3.892E-09  4.798E-09
  33  48112  2.536E-02  0.000E+00  0.000E+00  5.746E-10  8.202E-09  1.020E-08
  34  48113  2.615E-02  8.902E-15  3.405E-13  5.872E-10  8.382E-09  1.052E-08
  35  50120  3.021E-02  0.000E+00  0.000E+00  6.389E-10  9.118E-09  1.215E-08
  36  53127  1.202E-01  0.000E+00  0.000E+00  2.401E-09  3.427E-08  4.835E-08
  37  53129  1.039E+00  1.835E-04  1.766E-04  2.044E-08  2.917E-07  4.180E-07
  38  53132  1.430E-01  1.487E+06  1.040E+07  2.749E-09  3.923E-08  5.753E-08
  39  53133  2.472E+00  2.802E+06  1.134E+06  4.716E-08  6.732E-07  9.946E-07
  40  53134  1.227E-01  3.277E+06  2.669E+07  2.324E-09  3.318E-08  4.939E-08
  41  53135  7.495E-01  2.650E+06  3.536E+06  1.409E-08  2.011E-07  3.015E-07
  42  54130  5.026E-04  0.000E+00  0.000E+00  9.811E-12  1.400E-10  2.022E-10
  43  54131  1.754E+00  0.000E+00  0.000E+00  3.398E-08  4.850E-07  7.057E-07
  44  54132  5.105E+00  0.000E+00  0.000E+00  9.815E-08  1.401E-06  2.054E-06
  45  54134  1.833E+01  0.000E+00  0.000E+00  3.472E-07  4.955E-06  7.376E-06
  46  54135  4.964E-01  1.261E+06  2.541E+06  9.330E-09  1.332E-07  1.997E-07
  47  54136  2.345E+01  0.000E+00  0.000E+00  4.376E-07  6.246E-06  9.436E-06
  48  55133  4.493E+00  0.000E+00  0.000E+00  8.573E-08  1.224E-06  1.808E-06
  49  55134  1.919E-03  2.485E+00  1.295E+03  3.635E-11  5.188E-10  7.722E-10
  50  55135  6.984E+00  8.047E-03  1.152E-03  1.313E-07  1.874E-06  2.810E-06
  51  55136  1.129E-02  8.239E+02  7.301E+04  2.106E-10  3.005E-09  4.540E-09
  52  55137  1.506E+01  1.311E+03  8.704E+01  2.789E-07  3.981E-06  6.058E-06
  53  56136  2.471E-03  0.000E+00  0.000E+00  4.610E-11  6.580E-10  9.940E-10
  54  56137  4.256E-03  0.000E+00  0.000E+00  7.884E-11  1.125E-09  1.713E-09
  55  56138  1.630E+01  0.000E+00  0.000E+00  2.997E-07  4.277E-06  6.557E-06
  56  59141  1.104E+00  0.000E+00  0.000E+00  1.988E-08  2.837E-07  4.444E-07
  57  60143  1.695E+00  0.000E+00  0.000E+00  3.008E-08  4.294E-07  6.821E-07
  58  60145  9.664E+00  3.974E-13  4.112E-14  1.691E-07  2.414E-06  3.888E-06
  59  60147  4.631E+00  3.749E+05  8.094E+04  7.994E-08  1.141E-06  1.863E-06
  60  60148  4.482E+00  0.000E+00  0.000E+00  7.684E-08  1.097E-06  1.803E-06
  61  61147  1.261E+00  1.169E+03  9.276E+02  2.176E-08  3.106E-07  5.072E-07
  62  61148  1.274E-03  2.095E+02  1.644E+05  2.185E-11  3.118E-10  5.127E-10
  63  61149  1.063E+00  4.212E+05  3.964E+05  1.809E-08  2.582E-07  4.275E-07
  64  62147  2.529E-03  5.807E-11  2.296E-08  4.366E-11  6.232E-10  1.018E-09
  65  62149  1.473E+00  1.768E-12  1.200E-12  2.508E-08  3.580E-07  5.927E-07
  66  62150  3.416E-01  0.000E+00  0.000E+00  5.778E-09  8.247E-08  1.374E-07
  67  62151  9.046E-01  2.381E+01  2.632E+01  1.520E-08  2.169E-07  3.640E-07
  68  62152  7.850E-01  0.000E+00  0.000E+00  1.310E-08  1.870E-07  3.159E-07
  69  64156  7.951E-03  0.000E+00  0.000E+00  1.293E-10  1.846E-09  3.199E-09
  70  64157  1.475E-02  0.000E+00  0.000E+00  2.383E-10  3.401E-09  5.933E-09
  71  64158  1.753E-02  0.000E+00  0.000E+00  2.815E-10  4.018E-09  7.053E-09
  72  64160  1.453E-03  0.000E+00  0.000E+00  2.304E-11  3.289E-10  5.847E-10
     totals  2.949E+05  1.245E+07  4.223E+01  4.671E-02  6.667E-01  1.186E-01

 nonactinide inventory for sum of materials at end of step  3, time 1.600E+01 (days), power 5.000E+01 (MW)

  no. zaid     mass      activity   sp. act.  atom den.   atom fr.   mass fr.
               (gm)        (Ci)     (Ci/gm)    (a/b-cm)
   1   6012  5.851E-03  0.000E+00  0.000E+00  1.236E-09  1.765E-08  2.354E-09
   2   6013  1.946E-01  0.000E+00  0.000E+00  3.795E-08  5.417E-07  7.830E-08
   3   7015  3.317E-04  0.000E+00  0.000E+00  5.607E-11  8.003E-10  1.335E-10
   4   8016  2.939E+05  0.000E+00  0.000E+00  4.660E-02  6.650E-01  1.183E-01
   5   8017  1.190E+02  0.000E+00  0.000E+00  1.775E-05  2.533E-04  4.788E-05
   6   8018  6.796E+02  0.000E+00  0.000E+00  9.575E-05  1.367E-03  2.735E-04
   7  33075  2.712E-03  0.000E+00  0.000E+00  9.181E-11  1.310E-09  1.091E-09
   8  35081  5.642E-01  0.000E+00  0.000E+00  1.768E-08  2.524E-07  2.270E-07
   9  36082  1.932E-04  0.000E+00  0.000E+00  5.981E-12  8.537E-11  7.774E-11
  10  36083  1.500E+00  0.000E+00  0.000E+00  4.587E-08  6.547E-07  6.034E-07
  11  36084  2.888E+00  0.000E+00  0.000E+00  8.727E-08  1.246E-06  1.162E-06
  12  36086  6.276E+00  0.000E+00  0.000E+00  1.852E-07  2.644E-06  2.525E-06
  13  37085  2.686E+00  0.000E+00  0.000E+00  8.023E-08  1.145E-06  1.081E-06
  14  37087  7.690E+00  6.590E-07  8.570E-08  2.244E-07  3.203E-06  3.094E-06
  15  39089  1.484E+00  0.000E+00  0.000E+00  4.233E-08  6.041E-07  5.971E-07
  16  40090  6.172E-03  0.000E+00  0.000E+00  1.741E-10  2.485E-09  2.483E-09
  17  40091  1.525E+00  0.000E+00  0.000E+00  4.255E-08  6.073E-07  6.137E-07
  18  40092  1.845E+01  0.000E+00  0.000E+00  5.090E-07  7.264E-06  7.422E-06
  19  40093  1.988E+01  4.999E-02  2.515E-03  5.425E-07  7.743E-06  7.998E-06
  20  40094  2.118E+01  0.000E+00  0.000E+00  5.719E-07  8.163E-06  8.522E-06
  21  40096  2.155E+01  0.000E+00  0.000E+00  5.699E-07  8.134E-06  8.673E-06
  22  42095  1.751E-01  0.000E+00  0.000E+00  4.679E-09  6.679E-08  7.047E-08
  23  43099  1.585E+01  2.714E-01  1.712E-02  4.064E-07  5.801E-06  6.378E-06
  24  44101  1.872E+01  0.000E+00  0.000E+00  4.704E-07  6.715E-06  7.532E-06
  25  44103  1.029E+01  3.327E+05  3.232E+04  2.537E-07  3.621E-06  4.142E-06
  26  45103  1.498E+00  0.000E+00  0.000E+00  3.692E-08  5.270E-07  6.029E-07
  27  46104  3.682E-03  0.000E+00  0.000E+00  8.987E-11  1.283E-09  1.482E-09
  28  46105  3.525E+00  0.000E+00  0.000E+00  8.522E-08  1.216E-06  1.418E-06
  29  46106  1.918E-01  0.000E+00  0.000E+00  4.593E-09  6.556E-08  7.719E-08
  30  46108  3.511E-01  0.000E+00  0.000E+00  8.251E-09  1.178E-07  1.413E-07
  31  46110  1.336E-01  0.000E+00  0.000E+00  3.082E-09  4.398E-08  5.374E-08
  32  47109  1.747E-01  0.000E+00  0.000E+00  4.068E-09  5.807E-08  7.030E-08
  33  48110  5.581E-04  0.000E+00  0.000E+00  1.288E-11  1.838E-10  2.245E-10
  34  48111  3.928E-02  0.000E+00  0.000E+00  8.981E-10  1.282E-08  1.580E-08
  35  48112  5.631E-02  0.000E+00  0.000E+00  1.276E-09  1.821E-08  2.266E-08
  36  48113  4.545E-02  1.548E-14  3.405E-13  1.021E-09  1.457E-08  1.829E-08
  37  50120  6.050E-02  0.000E+00  0.000E+00  1.280E-09  1.826E-08  2.434E-08
  38  53127  3.715E-01  0.000E+00  0.000E+00  7.424E-09  1.060E-07  1.495E-07
  39  53129  2.162E+00  3.820E-04  1.766E-04  4.254E-08  6.071E-07  8.700E-07
  40  53132  1.700E-01  1.768E+06  1.040E+07  3.267E-09  4.663E-08  6.839E-08
  41  53133  2.477E+00  2.807E+06  1.134E+06  4.725E-08  6.744E-07  9.965E-07
  42  53134  1.226E-01  3.273E+06  2.669E+07  2.322E-09  3.314E-08  4.933E-08
  43  53135  7.484E-01  2.646E+06  3.536E+06  1.407E-08  2.008E-07  3.011E-07
  44  54130  1.580E-03  0.000E+00  0.000E+00  3.084E-11  4.402E-10  6.358E-10
  45  54131  5.940E+00  0.000E+00  0.000E+00  1.151E-07  1.642E-06  2.390E-06
  46  54132  1.431E+01  0.000E+00  0.000E+00  2.750E-07  3.926E-06  5.757E-06
  47  54134  3.687E+01  0.000E+00  0.000E+00  6.982E-07  9.966E-06  1.484E-05
  48  54135  4.733E-01  1.203E+06  2.541E+06  8.896E-09  1.270E-07  1.904E-07
  49  54136  4.759E+01  0.000E+00  0.000E+00  8.880E-07  1.267E-05  1.915E-05
  50  55133  1.610E+01  0.000E+00  0.000E+00  3.071E-07  4.383E-06  6.476E-06
  51  55134  1.642E-02  2.126E+01  1.295E+03  3.109E-10  4.438E-09  6.606E-09
  52  55135  1.383E+01  1.594E-02  1.152E-03  2.600E-07  3.712E-06  5.567E-06
  53  55136  2.083E-02  1.521E+03  7.301E+04  3.886E-10  5.546E-09  8.380E-09
  54  55137  3.010E+01  2.620E+03  8.704E+01  5.574E-07  7.956E-06  1.211E-05
  55  56136  9.290E-03  0.000E+00  0.000E+00  1.733E-10  2.474E-09  3.738E-09
  56  56137  1.620E-02  0.000E+00  0.000E+00  3.000E-10  4.282E-09  6.517E-09
  57  56138  3.266E+01  0.000E+00  0.000E+00  6.005E-07  8.571E-06  1.314E-05
  58  59141  4.251E+00  0.000E+00  0.000E+00  7.650E-08  1.092E-06  1.710E-06
  59  60143  7.542E+00  0.000E+00  0.000E+00  1.338E-07  1.910E-06  3.035E-06
  60  60145  1.975E+01  8.120E-13  4.112E-14  3.456E-07  4.933E-06  7.946E-06
  61  60147  7.411E+00  5.999E+05  8.094E+04  1.279E-07  1.826E-06  2.982E-06
  62  60148  8.977E+00  0.000E+00  0.000E+00  1.539E-07  2.197E-06  3.612E-06
  63  61147  4.323E+00  4.010E+03  9.276E+02  7.462E-08  1.065E-06  1.740E-06
  64  61148  7.879E-03  1.295E+03  1.644E+05  1.351E-10  1.928E-09  3.170E-09
  65  61149  1.158E+00  4.591E+05  3.964E+05  1.972E-08  2.815E-07  4.660E-07
  66  62147  1.800E-02  4.133E-10  2.296E-08  3.107E-10  4.435E-09  7.244E-09
  67  62149  2.982E+00  3.580E-12  1.200E-12  5.078E-08  7.248E-07  1.200E-06
  68  62150  1.657E+00  0.000E+00  0.000E+00  2.803E-08  4.001E-07  6.669E-07
  69  62151  1.984E+00  5.221E+01  2.632E+01  3.333E-08  4.757E-07  7.982E-07
  70  62152  1.642E+00  0.000E+00  0.000E+00  2.740E-08  3.911E-07  6.605E-07
  71  63151  1.126E-04  0.000E+00  0.000E+00  1.892E-12  2.700E-11  4.531E-11
  72  64155  4.722E-04  0.000E+00  0.000E+00  7.729E-12  1.103E-10  1.900E-10
  73  64156  3.321E-02  0.000E+00  0.000E+00  5.401E-10  7.709E-09  1.336E-08
  74  64157  2.325E-02  0.000E+00  0.000E+00  3.757E-10  5.362E-09  9.354E-09
  75  64158  4.577E-02  0.000E+00  0.000E+00  7.349E-10  1.049E-08  1.841E-08
  76  64160  3.019E-03  0.000E+00  0.000E+00  4.787E-11  6.833E-10  1.215E-09
     totals  2.951E+05  1.310E+07  4.438E+01  4.672E-02  6.668E-01  1.187E-01

 nonactinide inventory for sum of materials at end of step  4, time 3.200E+01 (days), power 5.000E+01 (MW)

  no. zaid     mass      activity   sp. act.  atom den.   atom fr.   mass fr.
               (gm)        (Ci)     (Ci/gm)    (a/b-cm)
   1   6012  1.175E-02  0.000E+00  0.000E+00  2.482E-09  3.542E-08  4.727E-09
   2   6013  3.902E-01  0.000E+00  0.000E+00  7.609E-08  1.086E-06  1.570E-07
   3   7015  6.658E-04  0.000E+00  0.000E+00  1.126E-10  1.607E-09  2.680E-10
   4   8016  2.939E+05  0.000E+00  0.000E+00  4.660E-02  6.650E-01  1.183E-01
   5   8017  1.190E+02  0.000E+00  0.000E+00  1.775E-05  2.533E-04  4.788E-05
   6   8018  6.796E+02  0.000E+00  0.000E+00  9.575E-05  1.367E-03  2.735E-04
   7  33075  5.451E-03  0.000E+00  0.000E+00  1.845E-10  2.633E-09  2.193E-09
   8  35081  1.127E+00  0.000E+00  0.000E+00  3.531E-08  5.040E-07  4.535E-07
   9  36082  8.124E-04  0.000E+00  0.000E+00  2.515E-11  3.590E-10  3.269E-10
  10  36083  3.018E+00  0.000E+00  0.000E+00  9.232E-08  1.318E-06  1.215E-06
  11  36084  5.774E+00  0.000E+00  0.000E+00  1.745E-07  2.490E-06  2.324E-06
  12  36086  1.249E+01  0.000E+00  0.000E+00  3.688E-07  5.263E-06  5.028E-06
  13  37085  5.353E+00  0.000E+00  0.000E+00  1.599E-07  2.282E-06  2.154E-06
  14  37087  1.539E+01  1.318E-06  8.570E-08  4.489E-07  6.407E-06  6.191E-06
  15  39089  5.531E+00  0.000E+00  0.000E+00  1.578E-07  2.252E-06  2.226E-06
  16  40090  3.066E-02  0.000E+00  0.000E+00  8.649E-10  1.234E-08  1.234E-08
  17  40091  5.953E+00  0.000E+00  0.000E+00  1.661E-07  2.370E-06  2.396E-06
  18  40092  3.719E+01  0.000E+00  0.000E+00  1.026E-06  1.465E-05  1.497E-05
  19  40093  4.041E+01  1.016E-01  2.515E-03  1.103E-06  1.574E-05  1.626E-05
  20  40094  4.229E+01  0.000E+00  0.000E+00  1.142E-06  1.630E-05  1.702E-05
  21  40096  4.298E+01  0.000E+00  0.000E+00  1.136E-06  1.622E-05  1.730E-05
  22  42095  1.246E+00  0.000E+00  0.000E+00  3.329E-08  4.751E-07  5.013E-07
  23  43099  3.673E+01  6.290E-01  1.712E-02  9.418E-07  1.344E-05  1.478E-05
  24  44101  3.743E+01  0.000E+00  0.000E+00  9.407E-07  1.343E-05  1.506E-05
  25  44103  1.811E+01  5.853E+05  3.232E+04  4.463E-07  6.370E-06  7.289E-06
  26  45103  5.516E+00  0.000E+00  0.000E+00  1.359E-07  1.940E-06  2.220E-06
  27  46104  2.956E-02  0.000E+00  0.000E+00  7.214E-10  1.030E-08  1.189E-08
  28  46105  7.675E+00  0.000E+00  0.000E+00  1.855E-07  2.648E-06  3.088E-06
  29  46106  4.953E-01  0.000E+00  0.000E+00  1.186E-08  1.693E-07  1.993E-07
  30  46108  7.646E-01  0.000E+00  0.000E+00  1.797E-08  2.565E-07  3.077E-07
  31  46110  2.855E-01  0.000E+00  0.000E+00  6.587E-09  9.401E-08  1.149E-07
  32  47109  3.992E-01  0.000E+00  0.000E+00  9.295E-09  1.327E-07  1.606E-07
  33  48110  2.985E-03  0.000E+00  0.000E+00  6.886E-11  9.829E-10  1.201E-09
  34  48111  1.163E-01  0.000E+00  0.000E+00  2.658E-09  3.794E-08  4.679E-08
  35  48112  1.216E-01  0.000E+00  0.000E+00  2.755E-09  3.932E-08  4.893E-08
  36  48113  6.870E-02  2.339E-14  3.405E-13  1.543E-09  2.202E-08  2.765E-08
  37  50120  1.214E-01  0.000E+00  0.000E+00  2.567E-09  3.664E-08  4.885E-08
  38  53127  9.419E-01  0.000E+00  0.000E+00  1.882E-08  2.686E-07  3.791E-07
  39  53129  4.486E+00  7.924E-04  1.766E-04  8.825E-08  1.259E-06  1.805E-06
  40  53132  1.760E-01  1.831E+06  1.040E+07  3.384E-09  4.830E-08  7.083E-08
  41  53133  2.474E+00  2.804E+06  1.134E+06  4.719E-08  6.736E-07  9.954E-07
  42  53134  1.224E-01  3.266E+06  2.669E+07  2.317E-09  3.307E-08  4.924E-08
  43  53135  7.465E-01  2.639E+06  3.536E+06  1.403E-08  2.003E-07  3.004E-07
  44  54130  5.030E-03  0.000E+00  0.000E+00  9.819E-11  1.401E-09  2.024E-09
  45  54131  1.744E+01  0.000E+00  0.000E+00  3.378E-07  4.821E-06  7.017E-06
  46  54132  3.455E+01  0.000E+00  0.000E+00  6.643E-07  9.481E-06  1.391E-05
  47  54134  7.412E+01  0.000E+00  0.000E+00  1.404E-06  2.003E-05  2.983E-05
  48  54135  4.685E-01  1.191E+06  2.541E+06  8.806E-09  1.257E-07  1.885E-07
  49  54136  9.562E+01  0.000E+00  0.000E+00  1.784E-06  2.546E-05  3.848E-05
  50  55133  4.559E+01  0.000E+00  0.000E+00  8.698E-07  1.241E-05  1.835E-05
  51  55134  1.099E-01  1.423E+02  1.295E+03  2.081E-09  2.970E-08  4.421E-08
  52  55135  2.698E+01  3.108E-02  1.152E-03  5.071E-07  7.238E-06  1.086E-05
  53  55136  3.702E-02  2.703E+03  7.301E+04  6.908E-10  9.859E-09  1.490E-08
  54  55137  6.012E+01  5.233E+03  8.704E+01  1.114E-06  1.589E-05  2.419E-05
  55  56136  3.390E-02  0.000E+00  0.000E+00  6.325E-10  9.027E-09  1.364E-08
  56  56137  6.313E-02  0.000E+00  0.000E+00  1.169E-09  1.669E-08  2.541E-08
  57  56138  6.540E+01  0.000E+00  0.000E+00  1.203E-06  1.716E-05  2.632E-05
  58  59141  1.549E+01  0.000E+00  0.000E+00  2.787E-07  3.978E-06  6.232E-06
  59  60143  2.719E+01  0.000E+00  0.000E+00  4.825E-07  6.886E-06  1.094E-05
  60  60145  3.934E+01  1.618E-12  4.112E-14  6.885E-07  9.826E-06  1.583E-05
  61  60147  1.006E+01  8.144E+05  8.094E+04  1.737E-07  2.479E-06  4.049E-06
  62  60148  1.798E+01  0.000E+00  0.000E+00  3.082E-07  4.399E-06  7.235E-06
  63  61147  1.314E+01  1.219E+04  9.276E+02  2.268E-07  3.237E-06  5.287E-06
  64  61148  3.663E-02  6.021E+03  1.644E+05  6.279E-10  8.962E-09  1.474E-08
  65  61149  1.171E+00  4.642E+05  3.964E+05  1.994E-08  2.846E-07  4.712E-07
  66  62147  1.164E-01  2.671E-09  2.296E-08  2.008E-09  2.867E-08  4.683E-08
  67  62149  4.463E+00  5.357E-12  1.200E-12  7.600E-08  1.085E-06  1.796E-06
  68  62150  6.058E+00  0.000E+00  0.000E+00  1.025E-07  1.462E-06  2.438E-06
  69  62151  3.933E+00  1.035E+02  2.632E+01  6.608E-08  9.432E-07  1.583E-06
  70  62152  3.562E+00  0.000E+00  0.000E+00  5.945E-08  8.486E-07  1.433E-06
  71  63151  1.165E-03  0.000E+00  0.000E+00  1.958E-11  2.794E-10  4.689E-10
  72  64155  1.792E-03  0.000E+00  0.000E+00  2.933E-11  4.187E-10  7.212E-10
  73  64156  1.312E-01  0.000E+00  0.000E+00  2.133E-09  3.044E-08  5.278E-08
  74  64157  3.135E-02  0.000E+00  0.000E+00  5.067E-10  7.232E-09  1.262E-08
  75  64158  1.175E-01  0.000E+00  0.000E+00  1.887E-09  2.693E-08  4.728E-08
  76  64160  6.529E-03  0.000E+00  0.000E+00  1.035E-10  1.477E-09  2.627E-09
     totals  2.956E+05  1.362E+07  4.608E+01  4.673E-02  6.669E-01  1.190E-01

 nonactinide inventory for sum of materials at end of step  5, time 4.800E+01 (days), power 5.000E+01 (MW)

  no. zaid     mass      activity   sp. act.  atom den.   atom fr.   mass fr.
               (gm)        (Ci)     (Ci/gm)    (a/b-cm)
   1   6012  1.767E-02  0.000E+00  0.000E+00  3.735E-09  5.331E-08  7.114E-09
   2   6013  5.871E-01  0.000E+00  0.000E+00  1.145E-07  1.634E-06  2.363E-07
   3   7015  1.002E-03  0.000E+00  0.000E+00  1.694E-10  2.418E-09  4.033E-10
   4   8016  2.939E+05  0.000E+00  0.000E+00  4.660E-02  6.650E-01  1.183E-01
   5   8017  1.190E+02  0.000E+00  0.000E+00  1.775E-05  2.533E-04  4.789E-05
   6   8018  6.796E+02  0.000E+00  0.000E+00  9.575E-05  1.367E-03  2.735E-04
   7   9019  1.783E-05  0.000E+00  0.000E+00  2.380E-12  3.397E-11  7.178E-12
   8  33075  8.194E-03  0.000E+00  0.000E+00  2.773E-10  3.958E-09  3.298E-09
   9  35081  1.688E+00  0.000E+00  0.000E+00  5.291E-08  7.551E-07  6.795E-07
  10  36082  1.735E-03  0.000E+00  0.000E+00  5.372E-11  7.667E-10  6.985E-10
  11  36083  4.523E+00  0.000E+00  0.000E+00  1.383E-07  1.974E-06  1.821E-06
  12  36084  8.650E+00  0.000E+00  0.000E+00  2.614E-07  3.731E-06  3.482E-06
  13  36086  1.867E+01  0.000E+00  0.000E+00  5.510E-07  7.864E-06  7.513E-06
  14  37085  8.006E+00  0.000E+00  0.000E+00  2.391E-07  3.412E-06  3.222E-06
  15  37087  2.303E+01  1.973E-06  8.570E-08  6.719E-07  9.589E-06  9.268E-06
  16  39089  1.162E+01  0.000E+00  0.000E+00  3.313E-07  4.728E-06  4.675E-06
  17  40090  7.442E-02  0.000E+00  0.000E+00  2.099E-09  2.996E-08  2.995E-08
  18  40091  1.277E+01  0.000E+00  0.000E+00  3.561E-07  5.083E-06  5.138E-06
  19  40092  5.583E+01  0.000E+00  0.000E+00  1.540E-06  2.199E-05  2.247E-05
  20  40093  6.085E+01  1.530E-01  2.515E-03  1.661E-06  2.370E-05  2.449E-05
  21  40094  6.332E+01  0.000E+00  0.000E+00  1.710E-06  2.440E-05  2.548E-05
  22  40096  6.435E+01  0.000E+00  0.000E+00  1.701E-06  2.428E-05  2.590E-05
  23  42095  3.748E+00  0.000E+00  0.000E+00  1.001E-07  1.429E-06  1.508E-06
  24  43099  5.763E+01  9.867E-01  1.712E-02  1.478E-06  2.109E-05  2.320E-05
  25  44101  5.615E+01  0.000E+00  0.000E+00  1.411E-06  2.014E-05  2.260E-05
  26  44103  2.413E+01  7.800E+05  3.232E+04  5.947E-07  8.488E-06  9.714E-06
  27  45103  1.142E+01  0.000E+00  0.000E+00  2.815E-07  4.018E-06  4.598E-06
  28  46104  1.017E-01  0.000E+00  0.000E+00  2.481E-09  3.541E-08  4.092E-08
  29  46105  1.199E+01  0.000E+00  0.000E+00  2.898E-07  4.136E-06  4.826E-06
  30  46106  8.632E-01  0.000E+00  0.000E+00  2.067E-08  2.950E-07  3.474E-07
  31  46108  1.262E+00  0.000E+00  0.000E+00  2.966E-08  4.233E-07  5.080E-07
  32  46110  4.625E-01  0.000E+00  0.000E+00  1.067E-08  1.523E-07  1.861E-07
  33  47109  6.784E-01  0.000E+00  0.000E+00  1.580E-08  2.254E-07  2.730E-07
  34  48110  8.015E-03  0.000E+00  0.000E+00  1.849E-10  2.639E-09  3.226E-09
  35  48111  2.093E-01  0.000E+00  0.000E+00  4.785E-09  6.829E-08  8.423E-08
  36  48112  1.914E-01  0.000E+00  0.000E+00  4.338E-09  6.191E-08  7.705E-08
  37  48113  8.389E-02  2.856E-14  3.405E-13  1.884E-09  2.689E-08  3.376E-08
  38  50120  1.831E-01  0.000E+00  0.000E+00  3.872E-09  5.526E-08  7.369E-08
  39  53127  1.545E+00  0.000E+00  0.000E+00  3.087E-08  4.406E-07  6.218E-07
  40  53129  6.921E+00  1.223E-03  1.766E-04  1.362E-07  1.943E-06  2.786E-06
  41  53132  1.766E-01  1.837E+06  1.040E+07  3.394E-09  4.844E-08  7.106E-08
  42  53133  2.473E+00  2.804E+06  1.134E+06  4.719E-08  6.735E-07  9.955E-07
  43  53134  1.222E-01  3.263E+06  2.669E+07  2.315E-09  3.304E-08  4.920E-08
  44  53135  7.466E-01  2.639E+06  3.536E+06  1.403E-08  2.003E-07  3.005E-07
  45  54130  1.023E-02  0.000E+00  0.000E+00  1.998E-10  2.851E-09  4.119E-09
  46  54131  3.033E+01  0.000E+00  0.000E+00  5.875E-07  8.385E-06  1.221E-05
  47  54132  5.512E+01  0.000E+00  0.000E+00  1.060E-06  1.513E-05  2.219E-05
  48  54134  1.113E+02  0.000E+00  0.000E+00  2.109E-06  3.010E-05  4.482E-05
  49  54135  4.826E-01  1.227E+06  2.541E+06  9.072E-09  1.295E-07  1.943E-07
  50  54136  1.433E+02  0.000E+00  0.000E+00  2.674E-06  3.816E-05  5.768E-05
  51  55133  7.670E+01  0.000E+00  0.000E+00  1.464E-06  2.089E-05  3.087E-05
  52  55134  2.937E-01  3.803E+02  1.295E+03  5.562E-09  7.939E-08  1.182E-07
  53  55135  4.048E+01  4.664E-02  1.152E-03  7.610E-07  1.086E-05  1.629E-05
  54  55136  5.154E-02  3.763E+03  7.301E+04  9.617E-10  1.373E-08  2.075E-08
  55  55137  9.012E+01  7.844E+03  8.704E+01  1.669E-06  2.382E-05  3.627E-05
  56  56136  7.140E-02  0.000E+00  0.000E+00  1.332E-09  1.901E-08  2.874E-08
  57  56137  1.407E-01  0.000E+00  0.000E+00  2.607E-09  3.721E-08  5.665E-08
  58  56138  9.810E+01  0.000E+00  0.000E+00  1.804E-06  2.574E-05  3.948E-05
  59  59141  3.172E+01  0.000E+00  0.000E+00  5.709E-07  8.147E-06  1.277E-05
  60  60143  5.220E+01  0.000E+00  0.000E+00  9.262E-07  1.322E-05  2.101E-05
  61  60145  5.884E+01  2.419E-12  4.112E-14  1.030E-06  1.470E-05  2.368E-05
  62  60147  1.101E+01  8.910E+05  8.094E+04  1.900E-07  2.712E-06  4.430E-06
  63  60148  2.699E+01  0.000E+00  0.000E+00  4.626E-07  6.603E-06  1.086E-05
  64  61147  2.336E+01  2.167E+04  9.276E+02  4.033E-07  5.756E-06  9.404E-06
  65  61148  7.388E-02  1.214E+04  1.644E+05  1.267E-09  1.808E-08  2.974E-08
  66  61149  1.179E+00  4.676E+05  3.964E+05  2.008E-08  2.866E-07  4.747E-07
  67  62147  3.256E-01  7.474E-09  2.296E-08  5.620E-09  8.020E-08  1.310E-07
  68  62149  5.127E+00  6.154E-12  1.200E-12  8.730E-08  1.246E-06  2.063E-06
  69  62150  1.132E+01  0.000E+00  0.000E+00  1.914E-07  2.732E-06  4.554E-06
  70  62151  5.664E+00  1.491E+02  2.632E+01  9.516E-08  1.358E-06  2.280E-06
  71  62152  5.698E+00  0.000E+00  0.000E+00  9.511E-08  1.357E-06  2.293E-06
  72  63151  2.520E-03  0.000E+00  0.000E+00  4.234E-11  6.043E-10  1.014E-09
  73  64154  6.840E-05  0.000E+00  0.000E+00  1.127E-12  1.608E-11  2.753E-11
  74  64155  3.384E-03  0.000E+00  0.000E+00  5.539E-11  7.905E-10  1.362E-09
  75  64156  2.831E-01  0.000E+00  0.000E+00  4.603E-09  6.570E-08  1.139E-07
  76  64157  3.647E-02  0.000E+00  0.000E+00  5.893E-10  8.411E-09  1.468E-08
  77  64158  1.998E-01  0.000E+00  0.000E+00  3.208E-09  4.578E-08  8.040E-08
  78  64160  1.060E-02  0.000E+00  0.000E+00  1.681E-10  2.399E-09  4.267E-09
     totals  2.961E+05  1.395E+07  4.713E+01  4.674E-02  6.671E-01  1.192E-01

 nonactinide inventory for sum of materials at end of step  6, time 6.400E+01 (days), power 5.000E+01 (MW)

  no. zaid     mass      activity   sp. act.  atom den.   atom fr.   mass fr.
               (gm)        (Ci)     (Ci/gm)    (a/b-cm)
   1   6012  2.368E-02  0.000E+00  0.000E+00  5.003E-09  7.141E-08  9.531E-09
   2   6013  7.850E-01  0.000E+00  0.000E+00  1.531E-07  2.185E-06  3.160E-07
   3   7015  1.343E-03  0.000E+00  0.000E+00  2.270E-10  3.239E-09  5.404E-10
   4   8016  2.939E+05  0.000E+00  0.000E+00  4.660E-02  6.650E-01  1.183E-01
   5   8017  1.190E+02  0.000E+00  0.000E+00  1.775E-05  2.533E-04  4.790E-05
   6   8018  6.796E+02  0.000E+00  0.000E+00  9.575E-05  1.367E-03  2.736E-04
   7   9019  3.236E-05  0.000E+00  0.000E+00  4.320E-12  6.165E-11  1.303E-11
   8  33075  1.094E-02  0.000E+00  0.000E+00  3.704E-10  5.286E-09  4.405E-09
   9  35081  2.249E+00  0.000E+00  0.000E+00  7.048E-08  1.006E-06  9.053E-07
  10  36082  2.940E-03  0.000E+00  0.000E+00  9.102E-11  1.299E-09  1.183E-09
  11  36083  6.016E+00  0.000E+00  0.000E+00  1.840E-07  2.626E-06  2.422E-06
  12  36084  1.152E+01  0.000E+00  0.000E+00  3.481E-07  4.968E-06  4.637E-06
  13  36086  2.480E+01  0.000E+00  0.000E+00  7.321E-07  1.045E-05  9.984E-06
  14  37085  1.065E+01  0.000E+00  0.000E+00  3.180E-07  4.538E-06  4.286E-06
  15  37087  3.063E+01  2.625E-06  8.570E-08  8.936E-07  1.275E-05  1.233E-05
  16  39089  1.932E+01  0.000E+00  0.000E+00  5.510E-07  7.863E-06  7.776E-06
  17  40090  1.374E-01  0.000E+00  0.000E+00  3.874E-09  5.529E-08  5.529E-08
  18  40091  2.153E+01  0.000E+00  0.000E+00  6.007E-07  8.573E-06  8.668E-06
  19  40092  7.438E+01  0.000E+00  0.000E+00  2.052E-06  2.929E-05  2.994E-05
  20  40093  8.120E+01  2.042E-01  2.515E-03  2.216E-06  3.163E-05  3.269E-05
  21  40094  8.429E+01  0.000E+00  0.000E+00  2.276E-06  3.248E-05  3.393E-05
  22  40096  8.567E+01  0.000E+00  0.000E+00  2.265E-06  3.233E-05  3.449E-05
  23  42095  7.943E+00  0.000E+00  0.000E+00  2.122E-07  3.029E-06  3.197E-06
  24  43099  7.849E+01  1.344E+00  1.712E-02  2.012E-06  2.872E-05  3.159E-05
  25  44101  7.489E+01  0.000E+00  0.000E+00  1.882E-06  2.686E-05  3.015E-05
  26  44103  2.879E+01  9.304E+05  3.232E+04  7.094E-07  1.012E-05  1.159E-05
  27  45103  1.877E+01  0.000E+00  0.000E+00  4.625E-07  6.601E-06  7.555E-06
  28  46104  2.320E-01  0.000E+00  0.000E+00  5.663E-09  8.082E-08  9.341E-08
  29  46105  1.646E+01  0.000E+00  0.000E+00  3.979E-07  5.679E-06  6.626E-06
  30  46106  1.298E+00  0.000E+00  0.000E+00  3.108E-08  4.436E-07  5.225E-07
  31  46108  1.833E+00  0.000E+00  0.000E+00  4.308E-08  6.148E-07  7.378E-07
  32  46110  6.614E-01  0.000E+00  0.000E+00  1.526E-08  2.178E-07  2.663E-07
  33  47109  1.006E+00  0.000E+00  0.000E+00  2.344E-08  3.345E-07  4.051E-07
  34  48110  1.607E-02  0.000E+00  0.000E+00  3.708E-10  5.292E-09  6.469E-09
  35  48111  3.140E-01  0.000E+00  0.000E+00  7.179E-09  1.025E-07  1.264E-07
  36  48112  2.655E-01  0.000E+00  0.000E+00  6.017E-09  8.587E-08  1.069E-07
  37  48113  9.516E-02  3.240E-14  3.405E-13  2.137E-09  3.050E-08  3.830E-08
  38  50120  2.455E-01  0.000E+00  0.000E+00  5.192E-09  7.410E-08  9.882E-08
  39  53127  2.169E+00  0.000E+00  0.000E+00  4.334E-08  6.186E-07  8.731E-07
  40  53129  9.443E+00  1.668E-03  1.766E-04  1.858E-07  2.651E-06  3.801E-06
  41  53132  1.769E-01  1.840E+06  1.040E+07  3.400E-09  4.853E-08  7.120E-08
  42  53133  2.474E+00  2.804E+06  1.134E+06  4.720E-08  6.736E-07  9.958E-07
  43  53134  1.222E-01  3.261E+06  2.669E+07  2.313E-09  3.301E-08  4.917E-08
  44  53135  7.468E-01  2.640E+06  3.536E+06  1.404E-08  2.003E-07  3.006E-07
  45  54130  1.714E-02  0.000E+00  0.000E+00  3.346E-10  4.775E-09  6.900E-09
  46  54131  4.354E+01  0.000E+00  0.000E+00  8.435E-07  1.204E-05  1.753E-05
  47  54132  7.584E+01  0.000E+00  0.000E+00  1.458E-06  2.081E-05  3.053E-05
  48  54134  1.486E+02  0.000E+00  0.000E+00  2.813E-06  4.015E-05  5.980E-05
  49  54135  4.929E-01  1.253E+06  2.541E+06  9.264E-09  1.322E-07  1.984E-07
  50  54136  1.908E+02  0.000E+00  0.000E+00  3.559E-06  5.080E-05  7.678E-05
  51  55133  1.079E+02  0.000E+00  0.000E+00  2.060E-06  2.940E-05  4.345E-05
  52  55134  5.612E-01  7.266E+02  1.295E+03  1.063E-08  1.517E-07  2.259E-07
  53  55135  5.427E+01  6.252E-02  1.152E-03  1.020E-06  1.456E-05  2.184E-05
  54  55136  6.479E-02  4.730E+03  7.301E+04  1.209E-09  1.725E-08  2.608E-08
  55  55137  1.201E+02  1.045E+04  8.704E+01  2.225E-06  3.175E-05  4.835E-05
  56  56136  1.206E-01  0.000E+00  0.000E+00  2.250E-09  3.211E-08  4.854E-08
  57  56137  2.490E-01  0.000E+00  0.000E+00  4.612E-09  6.582E-08  1.002E-07
  58  56138  1.308E+02  0.000E+00  0.000E+00  2.404E-06  3.432E-05  5.264E-05
  59  59141  5.149E+01  0.000E+00  0.000E+00  9.267E-07  1.323E-05  2.073E-05
  60  60143  7.944E+01  0.000E+00  0.000E+00  1.410E-06  2.012E-05  3.198E-05
  61  60145  7.826E+01  3.218E-12  4.112E-14  1.369E-06  1.954E-05  3.150E-05
  62  60147  1.134E+01  9.180E+05  8.094E+04  1.958E-07  2.794E-06  4.565E-06
  63  60148  3.599E+01  0.000E+00  0.000E+00  6.170E-07  8.806E-06  1.449E-05
  64  61147  3.392E+01  3.146E+04  9.276E+02  5.854E-07  8.355E-06  1.365E-05
  65  61148  1.110E-01  1.825E+04  1.644E+05  1.904E-09  2.717E-08  4.470E-08
  66  61149  1.189E+00  4.712E+05  3.964E+05  2.024E-08  2.889E-07  4.785E-07
  67  62147  6.539E-01  1.501E-08  2.296E-08  1.129E-08  1.611E-07  2.632E-07
  68  62149  5.523E+00  6.629E-12  1.200E-12  9.405E-08  1.342E-06  2.223E-06
  69  62150  1.688E+01  0.000E+00  0.000E+00  2.855E-07  4.075E-06  6.794E-06
  70  62151  7.224E+00  1.901E+02  2.632E+01  1.214E-07  1.732E-06  2.908E-06
  71  62152  7.998E+00  0.000E+00  0.000E+00  1.335E-07  1.905E-06  3.220E-06
  72  63151  4.223E-03  0.000E+00  0.000E+00  7.096E-11  1.013E-09  1.700E-09
  73  64152  9.491E-05  2.068E-15  2.179E-11  1.584E-12  2.261E-11  3.821E-11
  74  64154  3.778E-04  0.000E+00  0.000E+00  6.224E-12  8.883E-11  1.521E-10
  75  64155  5.102E-03  0.000E+00  0.000E+00  8.352E-11  1.192E-09  2.054E-09
  76  64156  4.783E-01  0.000E+00  0.000E+00  7.779E-09  1.110E-07  1.925E-07
  77  64157  4.048E-02  0.000E+00  0.000E+00  6.541E-10  9.335E-09  1.629E-08
  78  64158  2.895E-01  0.000E+00  0.000E+00  4.649E-09  6.635E-08  1.165E-07
  79  64160  1.514E-02  0.000E+00  0.000E+00  2.401E-10  3.427E-09  6.096E-09
     totals  2.966E+05  1.418E+07  4.782E+01  4.675E-02  6.672E-01  1.194E-01
